w = 3.3416219513308896e-06
t = 4.5e-08
l = 0.00043772629417046803
pen = 2e-07
omega = 7030000000.0
gap_cap = 6e-05
w_cap = 5.222877883323856e-05
l_cap = 0.0025
w_mesa = 4e-07
h_mesa = 4.5e-08
gap_ind = 6.070073718714885e-06