w = 2e-06
t = 5e-08
l = 1.0146928883352962e-05
pen = 2e-07
omega = 7300000000.0
Z = 50
w_mesa = 4e-07
h_mesa = 5e-08
gap_ind = 7.882639149886898e-07