w = 3.356725580733192e-06
t = 5e-08
l = 1.0782980558248604e-05
pen = 2e-07
omega = 7300000000.0
gap_cap = 1e-05
w_cap = 2.2127931311940757e-05
l_cap = 0.00075
w_mesa = 4e-07
h_mesa = 5e-08
gap_ind = 5.024909069999322e-07