w = 4.805577941931244e-06
t = 4.5e-08
l = 0.009848814925163811
pen = 2e-07
omega = 7030000000.0
gap_cap = 8.032483576317733e-05
w_cap = 3.29197628282462e-05
l_cap = 0.006546511395293103
w_mesa = 4e-07
h_mesa = 4.5e-08
gap_ind = 5.908687632149798e-07